1341847980.722988 0.0000000 0.0000000 0.0000000 0.0000000 0.0000000 0.0000000 1.0000000
1341847981.894631 -0.0491882 0.0120965 -0.0133096 0.0026696 0.0148227 0.0053756 0.9998721
1341847981.926602 -0.0504855 0.0119071 -0.0128303 -0.0006164 0.0138884 0.0051168 0.9998903
1341847982.666620 -0.0860369 0.0033855 -0.0146110 0.0021355 0.0353093 0.0135830 0.9992818
1341847983.570684 -0.2025339 -0.0014172 -0.0046249 -0.0054592 0.0703897 0.0238576 0.9972193
1341847984.074737 -0.2859216 0.0051127 -0.0179895 0.0060741 0.0830033 0.0329943 0.9959844
1341847984.406718 -0.3399064 0.0152764 0.0033711 -0.0133801 0.0860714 0.0332152 0.9956452
1341847984.710651 -0.3767373 0.0048956 0.0452668 -0.0127334 0.0931104 0.0360837 0.9949203
1341847984.878779 -0.3929893 -0.0040759 0.0696314 -0.0034375 0.0950683 0.0418468 0.9945849
1341847985.950751 -0.4583183 -0.0834079 0.2191017 0.0099372 0.1654623 0.0854897 0.9824536
1341847986.457691 -0.4780019 -0.1212682 0.2853666 0.0131807 0.2128993 0.1038545 0.9714496
1341847986.661920 -0.4818400 -0.1339864 0.3178648 0.0139461 0.2293195 0.1104493 0.9669638
1341847986.861756 -0.4855303 -0.1461532 0.3469667 0.0077891 0.2381208 0.1302665 0.9624284
1341847988.201710 -0.5450042 -0.1786086 0.5172831 0.0337633 0.3352532 0.1569455 0.9283499
1341847988.401745 -0.5500236 -0.1797380 0.5377027 0.0306809 0.3391031 0.1701865 0.9247185
1341847988.837897 -0.5725940 -0.1852344 0.5594429 0.0190946 0.3527538 0.1847554 0.9170963
1341847989.302773 -0.6250033 -0.2077115 0.5759799 0.0208905 0.3587021 0.1901965 0.9136311
1341847990.442575 -0.7713467 -0.2474685 0.5893305 0.0137001 0.3783024 0.1766299 0.9085711
1341847990.674787 -0.7960653 -0.2512799 0.5958096 0.0106478 0.3837903 0.1866323 0.9043009
1341847990.942685 -0.8201547 -0.2580940 0.6046720 0.0103752 0.3942254 0.2003790 0.8968428
1341847991.178778 -0.8365933 -0.2674664 0.6184316 0.0125370 0.4083944 0.2069801 0.8889410
1341847992.282910 -0.9072589 -0.3217922 0.6889471 0.0122433 0.4876159 0.2539866 0.8352076
1341847992.754765 -0.9563014 -0.3464188 0.7275793 0.0181625 0.5145871 0.2751253 0.8118967
1341847993.086751 -0.9767889 -0.3614487 0.7569444 0.0098263 0.5264246 0.2804705 0.8025689
1341847993.354702 -0.9870086 -0.3759840 0.7840574 0.0149076 0.5413512 0.2865936 0.7903042
1341847993.826735 -0.9995644 -0.4033798 0.8410854 0.0013564 0.5603806 0.3067283 0.7693435
1341847994.034008 -0.9991191 -0.4189507 0.8603442 -0.0067571 0.5711373 0.3050033 0.7620561
1341847994.269680 -1.0082493 -0.4360924 0.8780784 0.0081268 0.5853566 0.3082403 0.7498530
1341847994.866828 -1.0417005 -0.4788932 0.9520025 0.0107627 0.6149295 0.3326506 0.7149052
1341847995.198787 -1.0471433 -0.4960152 0.9847229 0.0113533 0.6389607 0.3440213 0.6879314
1341847996.170714 -1.0406313 -0.5373330 1.0589424 0.0151229 0.6730990 0.3711464 0.6394993
1341847996.406705 -1.0441983 -0.5436751 1.0698528 0.0163534 0.6854047 0.3747118 0.6241346
1341847996.874766 -1.0529695 -0.5577523 1.1107504 0.0075248 0.7051561 0.3910857 0.5913967
1341847997.578740 -1.0576921 -0.6051095 1.1871613 0.0120065 0.7275315 0.3831647 0.5689803
1341847997.814628 -1.0448065 -0.6240852 1.2148963 0.0161108 0.7417083 0.3742791 0.5563492
1341847998.283062 -1.0161819 -0.6594422 1.2698971 0.0228671 0.7404531 0.3877169 0.5485269
1341847998.518722 -1.0071675 -0.6740569 1.3000354 0.0117590 0.7347035 0.3843007 0.5589145
1341847998.786762 -0.9974856 -0.6909823 1.3386801 0.0022956 0.7341005 0.3861361 0.5585608
1341847998.918666 -0.9962282 -0.7006594 1.3607286 0.0014142 0.7364457 0.3896235 0.5530275
1341847999.722697 -0.9529582 -0.7332839 1.4372237 0.0252910 0.7771181 0.4123173 0.4748076
1341847999.958786 -0.9283544 -0.7346981 1.4490747 0.0343276 0.7883864 0.4298865 0.4387096
1341848000.227063 -0.8982555 -0.7324818 1.4559543 0.0238714 0.7936265 0.4566900 0.4012747
1341848000.730805 -0.8441767 -0.7277370 1.4600621 0.0218096 0.8080155 0.4690995 0.3557821
1341848000.998783 -0.8102264 -0.7331173 1.4656459 0.0336695 0.8186378 0.4693544 0.3292491
1341848001.266775 -0.7750092 -0.7325019 1.4729055 0.0312660 0.8273974 0.4688494 0.3075975
1341848001.502686 -0.7471092 -0.7249779 1.4730113 0.0167569 0.8405174 0.4692619 0.2702647
1341848001.770725 -0.7171911 -0.7161583 1.4638274 0.0128985 0.8564301 0.4665160 0.2207352
1341848002.038858 -0.6886450 -0.7118482 1.4543849 0.0201112 0.8611432 0.4742742 0.1819114
1341848002.306708 -0.6595653 -0.7049399 1.4441717 0.0182480 0.8642652 0.4791762 0.1519959
1341848002.574707 -0.6358775 -0.6917439 1.4382772 0.0120761 0.8622254 0.4909365 0.1241080
1341848002.842833 -0.6081021 -0.6753572 1.4357586 0.0055665 0.8578039 0.5010358 0.1144755
1341848003.074988 -0.5828787 -0.6712849 1.4359088 0.0060823 0.8609520 0.4915116 0.1309238
1341848003.278886 -0.5615701 -0.6649851 1.4343631 -0.0071790 0.8623126 0.4879860 0.1350378
1341848003.510700 -0.5336397 -0.6581677 1.4360777 -0.0216761 0.8616273 0.4794247 0.1651679
1341848003.753761 -0.5092103 -0.6510197 1.4322202 -0.0270416 0.8576225 0.4719298 0.2025701
1341848003.985789 -0.4867694 -0.6403365 1.4209967 -0.0293341 0.8501974 0.4730624 0.2291632
1341848004.189785 -0.4674119 -0.6282954 1.4095801 -0.0250977 0.8449253 0.4719807 0.2504108
1341848004.825782 -0.4131244 -0.5931591 1.3998129 -0.0553461 0.8054782 0.4824882 0.3396276
1341848005.025661 -0.4049015 -0.5882908 1.4018545 -0.0595807 0.7961406 0.4837984 0.3585379
1341848005.493689 -0.3876271 -0.5857880 1.4103830 -0.0607582 0.7775595 0.4763305 0.4059790
1341848006.801940 -0.3323708 -0.6074531 1.4447082 -0.0275619 0.7459739 0.4338115 0.5045502
1341848007.069678 -0.3233625 -0.6206111 1.4600817 -0.0146208 0.7577247 0.4351423 0.4860973
1341848007.331423 -0.3155684 -0.6382315 1.4792507 -0.0083303 0.7673458 0.4472281 0.4594541
1341848008.438870 -0.2474941 -0.6973292 1.5498146 0.0079929 0.8032238 0.4945393 0.3319616
1341848008.974723 -0.2102397 -0.7226107 1.5722260 0.0132410 0.8173816 0.5072063 0.2728623
1341848009.479022 -0.1744732 -0.7254208 1.5948470 0.0091311 0.8280393 0.5260514 0.1937460
1341848010.082650 -0.1129782 -0.7112018 1.5936167 0.0019006 0.8315638 0.5225436 0.1882717
1341848010.382819 -0.0885186 -0.6946644 1.5656466 0.0053880 0.8287164 0.5335751 0.1688127
1341848010.950793 -0.0711994 -0.6788561 1.5192789 0.0096056 0.8300581 0.5451940 0.1169393
1341848011.186671 -0.0658078 -0.6745528 1.5137202 0.0127793 0.8320625 0.5454234 0.1001096
1341848011.454654 -0.0586274 -0.6701213 1.5029142 0.0107228 0.8344912 0.5465432 0.0692825
1341848012.022737 -0.0552492 -0.6467642 1.4805973 0.0115072 0.8279101 0.5606180 0.0118273
1341848013.098784 -0.0393065 -0.5835082 1.4134264 -0.0628883 0.8112995 0.5672141 0.1269110
1341848013.366705 -0.0331425 -0.5760154 1.4167142 -0.0614233 0.8023596 0.5653488 0.1811823
1341848013.598764 -0.0207544 -0.5746771 1.4225035 -0.0748235 0.7879214 0.5641375 0.2352239
1341848013.866791 -0.0068105 -0.5761100 1.4260623 -0.0806678 0.7820898 0.5456074 0.2900703
1341848014.102686 0.0045739 -0.5712245 1.4307653 -0.0893669 0.7702785 0.5335776 0.3376085
1341848014.338694 0.0282039 -0.5700238 1.4386463 -0.1027246 0.7532823 0.5231056 0.3851934
1341848014.570790 0.0520002 -0.5697396 1.4508783 -0.1124469 0.7365454 0.4918432 0.4504961
1341848014.806669 0.0718231 -0.5722058 1.4615296 -0.0959001 0.7240090 0.4687022 0.4969230
1341848015.042593 0.0852111 -0.5707102 1.4672451 -0.0892902 0.6978855 0.4646893 0.5376309
1341848015.274780 0.1001014 -0.5625901 1.4712518 -0.1124585 0.6693021 0.4604112 0.5721969
1341848015.474959 0.1098683 -0.5592150 1.4714680 -0.1067842 0.6333770 0.4508181 0.6198336
1341848016.389789 0.1154982 -0.5684452 1.4750205 -0.0930990 0.5517931 0.3679989 0.7425858
1341848016.882757 0.1001856 -0.5857756 1.4962902 -0.0615710 0.5669520 0.3808180 0.7278407
1341848017.018678 0.0927792 -0.5914961 1.5041581 -0.0624147 0.5680832 0.3830060 0.7257357
1341848017.286638 0.0760160 -0.6060672 1.5160819 -0.0549604 0.5951106 0.3936592 0.6984663
1341848017.418824 0.0647327 -0.6147081 1.5195881 -0.0374892 0.6129218 0.3932650 0.6842982
1341848017.822756 0.0389328 -0.6318381 1.5272596 -0.0109127 0.6481758 0.3934210 0.6518964
1341848018.367205 0.0268848 -0.6494876 1.5490326 -0.0128731 0.6790367 0.4097677 0.6089613
1341848018.669811 0.0227132 -0.6657294 1.5789948 -0.0041721 0.6998140 0.4285864 0.5714514
1341848019.002336 0.0206796 -0.6930056 1.6123716 -0.0017412 0.7145941 0.4336774 0.5488864
1341848019.330680 0.0173092 -0.7164212 1.6413667 -0.0086772 0.7359926 0.4408761 0.5136808
1341848019.630654 0.0110496 -0.7427230 1.6839213 -0.0066342 0.7594247 0.4428530 0.4765619
1341848019.966705 0.0138725 -0.7626393 1.7204349 -0.0016682 0.7751407 0.4545619 0.4387796
1341848020.271152 0.0234390 -0.7756695 1.7417945 -0.0033268 0.7962519 0.4603325 0.3925122
1341848020.471200 0.0357232 -0.7852902 1.7561712 -0.0003943 0.8137646 0.4578349 0.3580142
1341848020.870955 0.0642856 -0.8042561 1.7866007 0.0121925 0.8277864 0.4740896 0.2997666
1341848021.242671 0.0943426 -0.8194178 1.8077028 0.0113100 0.8389698 0.4787372 0.2584811
1341848021.617752 0.1353792 -0.8400748 1.8331852 0.0216987 0.8645875 0.4639280 0.1918031
1341848021.978747 0.1819491 -0.8489267 1.8456628 0.0082066 0.8733381 0.4642190 0.1473563
1341848022.354110 0.2320475 -0.8495153 1.8366427 0.0120723 0.8863405 0.4538172 0.0911298
1341848022.654208 0.2703150 -0.8574262 1.8216379 0.0187342 0.8958968 0.4418568 0.0421954
1341848023.018822 0.3084048 -0.8510304 1.8060269 -0.0063097 0.8866280 0.4606247 -0.0409378
1341848023.354762 0.3550640 -0.8369125 1.7889313 -0.0089075 0.8677619 0.4817908 -0.1216046
1341848023.687172 0.3863798 -0.8200268 1.7677672 -0.0118851 0.8575598 0.4849875 -0.1709885
1341848024.022671 0.4067493 -0.8029730 1.7322980 -0.0054604 0.8498226 0.4774436 -0.2232025
1341848024.694820 0.4353443 -0.7647843 1.6722615 0.0024538 0.8187171 0.4856035 -0.3064076
1341848025.026872 0.4677532 -0.7463389 1.6522391 0.0159557 0.8059321 0.4805216 -0.3454241
1341848025.330653 0.4992194 -0.7333473 1.6361194 0.0189340 0.7947394 0.4771998 -0.3745813
1341848025.630731 0.5211571 -0.7222002 1.6189705 0.0142937 0.7845808 0.4764635 -0.3964987
1341848025.967138 0.5392637 -0.7071677 1.6001277 0.0201995 0.7738493 0.4706436 -0.4233720
1341848026.302861 0.5599689 -0.6882672 1.5802193 0.0425199 0.7569898 0.4657910 -0.4562863
1341848027.238696 0.6472321 -0.6482592 1.5261433 0.0384274 0.7413344 0.4491605 -0.4971935
1341848027.474800 0.6792138 -0.6433119 1.5155741 0.0371257 0.7475915 0.4357359 -0.4998628
1341848027.778768 0.7103426 -0.6352547 1.4992654 0.0312851 0.7590472 0.4315529 -0.4864469
1341848028.046706 0.7280437 -0.6237211 1.4792359 0.0215498 0.7636117 0.4383639 -0.4735713
1341848028.278830 0.7375959 -0.6149536 1.4568268 0.0243252 0.7680950 0.4300576 -0.4738027
1341848029.218708 0.7864496 -0.5715610 1.3661526 0.0303538 0.7602473 0.4287741 -0.4870888
1341848029.718752 0.8292687 -0.5520020 1.3318899 -0.0272856 -0.7443110 -0.4161758 0.5215883
1341848029.954640 0.8525324 -0.5419840 1.3183907 -0.0320840 -0.7323492 -0.4103257 0.5424649
1341848030.190683 0.8717395 -0.5315673 1.3057495 -0.0326108 -0.7204201 -0.4076690 0.5601227
1341848030.422795 0.8845487 -0.5208670 1.2931608 -0.0309752 -0.7032468 -0.4081075 0.5813199
1341848030.658903 0.8933207 -0.5060561 1.2770401 -0.0338916 -0.6905892 -0.4006240 0.6011974
1341848031.363008 0.9307550 -0.4753408 1.2062926 -0.0619634 -0.6705548 -0.3537227 0.6491511
1341848031.866735 0.9578758 -0.4639880 1.1754143 -0.0488133 -0.6449109 -0.3355393 0.6849238
1341848032.098732 0.9749704 -0.4566771 1.1589622 -0.0449381 -0.6321159 -0.3241712 0.7023696
1341848032.302842 0.9889821 -0.4471740 1.1454828 -0.0436458 -0.6266691 -0.3216475 0.7084658
1341848032.738725 1.0163243 -0.4338215 1.1128213 -0.0320168 -0.6223395 -0.3059675 0.7197585
1341848033.006687 1.0242069 -0.4215928 1.0885456 -0.0328067 -0.6191245 -0.3043016 0.7231937
1341848033.710808 1.0277417 -0.3917675 1.0310774 -0.0410213 -0.5891674 -0.2803528 0.7567043
1341848033.942752 1.0300819 -0.3854272 1.0155709 -0.0393858 -0.5784703 -0.2705435 0.7685227
1341848034.178809 1.0365754 -0.3833675 1.0038009 -0.0264815 -0.5543385 -0.2475800 0.7941736
1341848034.882707 1.0732824 -0.3480064 0.9464660 -0.0345441 -0.5277095 -0.2295169 0.8170993
1341848035.118886 1.0773621 -0.3360217 0.9333067 -0.0367213 -0.5170636 -0.2308537 0.8234096
1341848035.350991 1.0759431 -0.3242533 0.9163141 -0.0380553 -0.5122565 -0.2265023 0.8275517
1341848035.854701 1.0657946 -0.3024609 0.8722280 -0.0510232 -0.4898780 -0.1919704 0.8488601
1341848036.894756 1.0419824 -0.2578411 0.7696164 -0.0443743 -0.4481148 -0.1485343 0.8804327
1341848037.430946 1.0300900 -0.2310572 0.6957362 0.0007615 -0.4517108 -0.1309979 0.8824944
1341848037.698670 1.0147803 -0.2168711 0.6679788 0.0073521 -0.4428620 -0.1383076 0.8858274
1341848037.730964 1.0128838 -0.2149933 0.6650333 0.0078427 -0.4404657 -0.1374429 0.8871516
1341848038.634739 0.9473811 -0.1736970 0.5909036 -0.0052707 -0.3785117 -0.1222488 0.9174728
1341848039.238881 0.9284294 -0.1367263 0.5241598 -0.0042659 -0.3492640 -0.0990627 0.9317634
1341848039.538659 0.9208907 -0.1218051 0.4986133 -0.0049315 -0.3343548 -0.0984943 0.9372734
1341848040.178810 0.8729820 -0.0917124 0.4522111 -0.0070916 -0.2989603 -0.0854176 0.9504085
1341848040.778774 0.8229717 -0.0844889 0.4142471 -0.0010114 -0.2471447 -0.0535179 0.9674990
1341848041.058859 0.8011203 -0.0769692 0.4026191 -0.0001759 -0.2094922 -0.0302281 0.9773430
1341848041.319290 0.7811379 -0.0664023 0.3951373 -0.0216728 -0.1827446 -0.0041715 0.9829127
1341848041.618743 0.7523960 -0.0603934 0.3931874 -0.0283046 -0.1469061 0.0020480 0.9887432
1341848042.490921 0.6431134 -0.0657668 0.3982551 -0.0336852 -0.0817204 0.0598824 0.9942843
1341848042.797954 0.6091711 -0.0627652 0.4003682 -0.0353618 -0.0416001 0.0921190 0.9942500
1341848043.097862 0.5787421 -0.0593977 0.4008575 -0.0400495 -0.0030819 0.1138857 0.9926815
1341848043.701979 0.5088016 -0.0732014 0.4249723 -0.0408711 0.0378047 0.1400318 0.9885805
1341848044.005919 0.4773510 -0.0846275 0.4458546 -0.0462177 0.0527410 0.1479723 0.9865022
1341848044.605829 0.4325239 -0.1000193 0.4811159 -0.0526971 0.0940870 0.1814063 0.9774776
1341848045.538886 0.3578182 -0.1287302 0.5439843 -0.0590176 0.1360251 0.2153055 0.9652241
1341848046.485848 0.2845266 -0.1443905 0.6123547 -0.0661864 0.0790463 0.1546132 0.9825812
1341848046.746888 0.2568143 -0.1398779 0.6082231 -0.0616220 0.0643112 0.1433395 0.9856575
1341848047.015086 0.2285505 -0.1312854 0.5955085 -0.0578592 0.0611418 0.1390060 0.9867073
1341848047.250668 0.2023854 -0.1264478 0.5843877 -0.0639982 0.0556038 0.1331938 0.9874573
1341848047.518733 0.1711689 -0.1225478 0.5691155 -0.0588749 0.0365059 0.1236876 0.9899002
1341848047.786695 0.1421171 -0.1249304 0.5599221 -0.0579779 0.0283810 0.1173518 0.9909902
1341848048.018897 0.1152356 -0.1270896 0.5566310 -0.0555288 0.0327862 0.1133096 0.9914649
