1305031455.291831 0.0000000 0.0000000 0.0000000 0.0000000 0.0000000 0.0000000 1.0000000
1305031455.391665 -0.0382127 0.0087192 0.0062683 -0.0176676 0.0104655 0.0310793 0.9993060
1305031455.427642 -0.0556191 0.0054400 0.0074851 -0.0244633 0.0185598 0.0429267 0.9986062
1305031455.559669 -0.1265817 -0.0170472 0.0077112 -0.0332108 0.0354350 0.0906354 0.9946993
1305031455.627617 -0.1598780 -0.0314445 0.0080465 -0.0353216 0.0382794 0.1183194 0.9916086
1305031455.927955 -0.3020151 -0.1193915 -0.0172828 -0.0328904 0.0793661 0.1101170 0.9901987
1305031456.027770 -0.3385316 -0.1309938 -0.0279124 -0.0407774 0.0936987 0.1027122 0.9894483
1305031456.159731 -0.3743265 -0.1849672 -0.0200056 -0.0707254 0.1120980 0.0923580 0.9868647
1305031456.259614 -0.3912827 -0.2077109 -0.0116705 -0.0687637 0.1418260 0.0992231 0.9825028
1305031456.391619 -0.4164266 -0.2435283 0.0189276 -0.0650006 0.1919754 0.1153008 0.9724331
1305031456.627612 -0.4843713 -0.2360305 0.1076802 -0.0696642 0.2240520 0.1591220 0.9589723
1305031456.927690 -0.5306587 -0.2636458 0.2421608 -0.0800693 0.2333219 0.2278337 0.9419350
1305031457.127632 -0.5794170 -0.2788570 0.2997042 -0.1056615 0.2623805 0.2569048 0.9241169
1305031457.291656 -0.6349913 -0.3163926 0.3110551 -0.0987247 0.3010273 0.2821175 0.9055638
1305031457.491705 -0.7206172 -0.3840638 0.3167525 -0.0903640 0.3512077 0.3082898 0.8794572
1305031457.659632 -0.7914217 -0.4378931 0.3196157 -0.0751977 0.3740714 0.3182811 0.8678209
1305031457.827699 -0.8264602 -0.5163797 0.3224605 -0.0730483 0.3900970 0.3159013 0.8617973
1305031458.027845 -0.8679356 -0.6068267 0.3639648 -0.0418568 0.4268637 0.3110927 0.8480901
1305031458.227611 -0.9098450 -0.6510711 0.4663675 -0.0394294 0.4478084 0.3184145 0.8345808
1305031458.459637 -0.8812035 -0.7214759 0.5863255 0.0050761 0.4481293 0.3269822 0.8320078
1305031458.627659 -0.8838222 -0.6715591 0.7044658 0.0561399 0.4991578 0.2852027 0.8163021
1305031458.791632 -0.8538976 -0.6472007 0.7914783 0.0507259 0.4440107 0.2581043 0.8565416
1305031458.991647 -0.8129230 -0.6734431 0.8483205 0.0411006 0.4468881 0.2706357 0.8516796
1305031459.127618 -0.8391728 -0.7329167 0.9474054 0.0922132 0.4255039 0.2777923 0.8563145
1305031459.227607 -0.8508013 -0.7460515 0.9818957 0.1266487 0.3771126 0.2932456 0.8693407
1305031459.327632 -0.8338621 -0.7260297 1.0006373 0.1327747 0.3922859 0.3321510 0.8474422
1305031459.427646 -0.8731856 -0.7290916 1.0497700 0.1273524 0.4759645 0.4029092 0.7712998
