1305031458.127605 0.0000000 0.0000000 0.0000000 0.0000000 0.0000000 0.0000000 1.0000000
1305031458.191646 -0.0297723 0.0027813 0.0062445 0.0027324 0.0067724 0.0062966 0.9999535
1305031458.227611 -0.0446552 0.0023058 0.0116081 -0.0048427 0.0073742 0.0058926 0.9999437
1305031458.327628 -0.0876189 -0.0134442 0.0290187 -0.0020760 -0.0002595 0.0061538 0.9999789
1305031458.527737 -0.1341778 -0.0138625 0.0762624 0.0747158 0.0122884 0.0368097 0.9964495
1305031458.727650 -0.1862540 0.0171829 0.1465691 0.0904295 0.0013007 0.0097963 0.9958538
1305031459.127618 -0.2843169 0.0006041 0.2093666 0.1168372 -0.0633422 0.0232350 0.9908567
1305031459.227607 -0.3102814 0.0052902 0.2199277 0.1264845 -0.1206518 0.0463598 0.9835119
1305031459.727551 -0.4397727 0.0519736 0.2625892 0.0664462 0.1439757 0.3317416 0.9299481
1305031459.991725 -0.5254765 -0.0093584 0.2733298 0.0470736 0.1543520 0.3339036 0.9286915
1305031460.159678 -0.5599052 -0.0551195 0.2849075 0.0520331 0.1374954 0.3644706 0.9195372
1305031460.327512 -0.5645751 -0.0882091 0.3028916 0.0520255 0.1530869 0.3796204 0.9109040
1305031460.491504 -0.5752270 -0.1150583 0.3213755 0.0398169 0.2138112 0.4000956 0.8902937
1305031460.659764 -0.5896649 -0.1539926 0.3423440 0.0158978 0.2694469 0.4129242 0.8698501
1305031460.827660 -0.6057748 -0.1881337 0.3700095 -0.0035475 0.2939886 0.4072149 0.8647162
1305031460.991668 -0.6042172 -0.2289761 0.3999817 -0.0306408 0.3124550 0.4029019 0.8597110
1305031461.227607 -0.5975323 -0.2685876 0.4375503 -0.0262383 0.3192221 0.3934503 0.8617457
1305031461.427624 -0.5834013 -0.2838112 0.4649634 -0.0340206 0.3269342 0.3735866 0.8674040
1305031461.691563 -0.5586339 -0.2733312 0.4607933 -0.0406322 0.3458034 0.3706487 0.8610392
1305031462.127739 -0.5522520 -0.1692860 0.4267606 -0.0706036 0.3496840 0.4661817 0.8095745
1305031462.391695 -0.5819955 -0.1267397 0.4263488 -0.1162662 0.3380498 0.4475397 0.8197028
1305031462.659660 -0.6102162 -0.0937245 0.4028339 -0.1597385 0.2806118 0.3938648 0.8605877
1305031462.891847 -0.6198855 -0.0423852 0.3481374 -0.1522730 0.2343127 0.3372808 0.8989729
1305031463.195657 -0.5918951 0.0078312 0.2647178 -0.1190045 0.1949609 0.2809604 0.9321424
1305031463.427716 -0.5415525 0.0443746 0.2187493 -0.0974448 0.1639994 0.2544834 0.9480754
1305031463.695640 -0.4611768 0.0714565 0.1634094 -0.0796451 0.1551479 0.2447623 0.9537700
1305031463.959680 -0.3672780 0.0442391 0.0909627 -0.0662932 0.1462722 0.1867442 0.9691936
1305031464.227624 -0.3185042 0.0012204 0.0154970 -0.0307192 0.1159117 0.1405368 0.9827870
1305031464.495633 -0.2366824 -0.0118889 -0.0429927 -0.0006626 0.0352762 0.0939970 0.9949471
1305031464.759740 -0.1676596 -0.0575012 -0.1095533 0.0657562 0.0675099 -0.0067795 0.9955263
1305031465.027823 -0.1099695 -0.0850095 -0.0808896 0.1055966 -0.0129206 -0.1516615 0.9826908
1305031465.295623 -0.0290688 -0.0358504 0.0145554 0.0432110 -0.0998638 -0.2204393 0.9693124
1305031465.559812 0.0925295 -0.0116303 0.0712263 0.0212845 -0.2156527 -0.1387919 0.9663217
1305031465.827996 0.2332133 0.0455603 0.1037055 0.0562227 -0.2744601 -0.0635593 0.9578470
1305031466.059757 0.3433385 0.1285593 0.1310171 0.1047715 -0.2596826 -0.0463320 0.9588750
1305031466.259815 0.4194616 0.1718358 0.1254226 0.0689729 -0.2915423 -0.0619584 0.9520541
1305031466.627549 0.5734708 0.1945861 0.1215212 0.0601600 -0.2770067 -0.1136522 0.9522244
1305031466.859665 0.6545951 0.2003967 0.1406581 0.0732173 -0.2892136 -0.1500043 0.9425993
1305031467.195663 0.7605053 0.1895538 0.1655461 0.0847922 -0.3499548 -0.1909783 0.9131644
1305031467.496058 0.8511362 0.1842427 0.1880479 0.0833784 -0.4051431 -0.2293794 0.8810745
1305031467.659626 0.8872249 0.1606021 0.2036637 0.0809858 -0.4212890 -0.2335981 0.8725760
1305031467.827800 0.9030950 0.1290229 0.2383372 0.1012674 -0.4387312 -0.2405814 0.8598723
1305031467.995754 0.8994555 0.0991243 0.2873858 0.1224572 -0.4690878 -0.2351593 0.8424138
1305031468.127816 0.8845243 0.0617595 0.3278351 0.1242158 -0.4791791 -0.2438196 0.8339723
1305031468.259754 0.8745818 0.0148499 0.3682862 0.1207120 -0.4834479 -0.2505308 0.8300248
1305031468.359787 0.8686554 -0.0269096 0.3887782 0.1184251 -0.4798967 -0.2460172 0.8337567
1305031468.495809 0.8593966 -0.0761220 0.4040954 0.1042506 -0.4773285 -0.2491593 0.8361871
1305031468.627626 0.8387272 -0.1211884 0.4000716 0.1086371 -0.4731490 -0.2707087 0.8312911
1305031468.759628 0.8145992 -0.1658725 0.3921929 0.1108315 -0.4899146 -0.2762601 0.8193781
1305031468.895873 0.7974230 -0.1976425 0.3941109 0.1250747 -0.4898914 -0.2890789 0.8128937
1305031469.027699 0.7790594 -0.2060083 0.3988820 0.0872503 -0.4690529 -0.3050655 0.8242037
1305031469.195540 0.7502059 -0.2286712 0.4190029 0.0472416 -0.4374370 -0.3595562 0.8228830
1305031469.427651 0.7095278 -0.2250134 0.4548350 0.0340784 -0.3893877 -0.3944489 0.8316405
1305031469.595755 0.6901941 -0.1974802 0.4917455 0.0220312 -0.3770081 -0.4060355 0.8321747
1305031469.795621 0.6616101 -0.1525233 0.5270894 -0.0141013 -0.3515984 -0.4078226 0.8425322
1305031469.959805 0.6375695 -0.0936381 0.5390962 -0.0360578 -0.3530699 -0.3979958 0.8459556
1305031470.127633 0.6139885 -0.0399693 0.5300595 -0.0493427 -0.3516819 -0.3950286 0.8472530
1305031470.327644 0.5867180 0.0217022 0.5042228 -0.0769274 -0.3434952 -0.3837751 0.8537036
1305031470.527689 0.5578825 0.0708507 0.4739541 -0.0866073 -0.3463886 -0.3766331 0.8547875
1305031470.727654 0.5279725 0.1014487 0.4509550 -0.1015309 -0.3416816 -0.3638884 0.8605407
1305031470.927684 0.5009038 0.1201951 0.4309563 -0.0959656 -0.3379480 -0.3358698 0.8739412
1305031471.395730 0.4500306 0.1201560 0.3802508 -0.0573521 -0.3128752 -0.2684868 0.9092495
1305031471.627621 0.4417261 0.1219072 0.3608432 -0.0592036 -0.2999830 -0.2421577 0.9207957
1305031471.895604 0.4404185 0.1340657 0.3466688 -0.0682089 -0.2628399 -0.1980274 0.9418322
1305031472.159645 0.4226420 0.1488118 0.3407516 -0.0934116 -0.2165853 -0.1798191 0.9550027
1305031472.427686 0.4129179 0.1474275 0.3332574 -0.0768385 -0.2152829 -0.1606837 0.9601718
1305031472.695755 0.4140648 0.1301031 0.3350340 -0.0700313 -0.2203787 -0.1516388 0.9610071
