1305031455.291831 0.0000000 0.0000000 0.0000000 0.0000000 0.0000000 0.0000000 1.0000000
1305031455.391665 -0.0381841 0.0087614 0.0062767 -0.0176425 0.0104590 0.0310579 0.9993072
1305031455.427642 -0.0556605 0.0055399 0.0076210 -0.0244119 0.0185546 0.0428971 0.9986088
1305031455.559669 -0.1265671 -0.0169075 0.0077743 -0.0331421 0.0353553 0.0906210 0.9947057
1305031455.627617 -0.1597602 -0.0312908 0.0081454 -0.0352486 0.0381310 0.1182602 0.9916239
1305031455.927955 -0.3014402 -0.1183821 -0.0172380 -0.0324533 0.0789365 0.1100451 0.9902555
1305031456.027770 -0.3382039 -0.1290358 -0.0278009 -0.0398812 0.0933601 0.1026810 0.9895201
1305031456.159731 -0.3731372 -0.1844403 -0.0205809 -0.0704990 0.1113546 0.0923893 0.9869621
1305031456.259614 -0.3904136 -0.2068201 -0.0121199 -0.0683174 0.1411981 0.0993378 0.9826128
1305031456.391619 -0.4157900 -0.2427629 0.0184214 -0.0646297 0.1914225 0.1156036 0.9725308
1305031456.527641 -0.4672879 -0.2427281 0.0729931 -0.0611548 0.2157676 0.1388819 0.9645808
1305031456.627612 -0.4845370 -0.2330494 0.1079144 -0.0681675 0.2237551 0.1589863 0.9591717
1305031456.927690 -0.5299549 -0.2624196 0.2413879 -0.0793510 0.2324146 0.2280135 0.9421766
1305031457.127632 -0.5792882 -0.2779776 0.2992589 -0.1051509 0.2617266 0.2566709 0.9244255
1305031457.291656 -0.6345827 -0.3160023 0.3110341 -0.0985553 0.3004266 0.2823727 0.9057021
1305031457.491705 -0.7208246 -0.3837814 0.3161596 -0.0900662 0.3506474 0.3083420 0.8796930
1305031457.659632 -0.7938338 -0.4369648 0.3205537 -0.0743596 0.3746294 0.3180645 0.8677318
