1305031103.243216 -0.0027116 0.0004892 0.0013642 0.0002503 0.0007990 0.0000965 0.9999996
1305031103.711610 -0.0039786 -0.0509972 -0.0942053 -0.0053048 -0.0328030 -0.0005737 0.9994476
1305031104.511329 -0.0135870 -0.1018040 -0.5308319 0.0452505 0.0036230 -0.0243742 0.9986717
1305031104.743280 0.0143616 -0.1206119 -0.6387134 0.1091367 0.0307386 -0.0155294 0.9934300
1305031104.943262 0.0142944 -0.0846640 -0.6698046 0.1518485 0.0543874 -0.0019105 0.9869044
1305031105.143106 0.0015302 -0.0634580 -0.5930488 0.1238433 0.0508079 -0.0084087 0.9909645
1305031106.475345 0.0028425 -0.0408725 0.0451096 -0.0349468 0.0306031 0.0025155 0.9989173
1305031108.075352 0.1057196 -0.0912728 -0.4756235 0.0652457 0.0605374 -0.0254508 0.9957060
1305031108.375410 0.2393063 -0.0758268 -0.4345998 0.0523319 0.0788077 -0.0140524 0.9954161
1305031108.543737 0.3490033 -0.0957448 -0.4265803 0.0418102 0.0770322 0.0091115 0.9961099
1305031108.743502 0.4363769 -0.0832693 -0.4189809 0.0389104 0.1116155 0.0202929 0.9927821
1305031109.211379 0.3606754 -0.0482991 -0.4367101 0.0468433 0.0819798 0.0276432 0.9951487
1305031109.375397 0.2610327 -0.0615701 -0.4388552 0.0297858 0.0501407 0.0337305 0.9977279
1305031109.575362 0.1521740 -0.0533814 -0.4473847 0.0265200 0.0324524 0.0138020 0.9990261
1305031109.811371 0.0191597 -0.0367150 -0.4450903 0.0125869 0.0223061 0.0100996 0.9996209
1305031110.011256 -0.0986068 -0.0239516 -0.4144539 -0.0023265 0.0063564 -0.0148459 0.9998669
1305031110.211637 -0.2055114 -0.0210149 -0.3898701 -0.0190933 -0.0038111 -0.0383779 0.9990736
1305031110.643418 -0.4026860 0.0010194 -0.3685524 -0.0287744 -0.0660041 -0.0800610 0.9941860
1305031110.843218 -0.4414347 0.0161521 -0.3644859 -0.0325925 -0.0748340 -0.0903446 0.9925600
1305031111.043327 -0.3915440 0.0122472 -0.3629549 -0.0345301 -0.0750115 -0.0876905 0.9927192
1305031111.279308 -0.2895521 -0.0136595 -0.3695982 -0.0311682 -0.0546594 -0.0727906 0.9953604
1305031111.779423 0.0261707 -0.0458396 -0.3919487 0.0016180 0.0080187 -0.0246283 0.9996632
1305031112.043270 0.1759934 -0.0550912 -0.3922342 0.0167592 0.0454563 0.0029148 0.9988215
