1305031103.243216 0.0000000 0.0000000 0.0000000 0.0000000 0.0000000 0.0000000 1.0000000
1305031103.711610 0.0003703 -0.0515780 -0.0953679 -0.0055891 -0.0343170 -0.0000822 0.9993954
1305031104.111235 0.0156004 -0.0967606 -0.3336005 0.0109686 -0.0310167 -0.0243319 0.9991624
1305031104.311219 0.0119880 -0.1064508 -0.4482201 0.0368362 -0.0107439 -0.0267496 0.9989055
1305031104.511329 -0.0088702 -0.1041996 -0.5355085 0.0446968 0.0023236 -0.0235670 0.9987199
1305031104.643243 0.0135278 -0.1152980 -0.5919923 0.0726473 0.0086525 -0.0201760 0.9971160
1305031104.743280 0.0159575 -0.1207099 -0.6444510 0.1093471 0.0302983 -0.0152034 0.9934254
1305031104.943262 0.0152479 -0.0814873 -0.6730542 0.1527118 0.0541194 -0.0018244 0.9867861
1305031105.011290 0.0174985 -0.0697963 -0.6582798 0.1480315 0.0523655 -0.0001206 0.9875953
1305031105.143106 0.0010637 -0.0569293 -0.5963026 0.1254328 0.0507824 -0.0081113 0.9907684
1305031105.311290 -0.0196945 -0.0668413 -0.5013421 0.0702078 0.0276825 -0.0171108 0.9970014
1305031105.575449 -0.0147749 -0.0839044 -0.3403059 0.0292267 -0.0023805 -0.0177249 0.9994128
1305031106.075330 0.0190348 -0.0561268 -0.0465694 0.0104024 0.0287851 0.0076195 0.9995024
1305031106.475345 0.0058285 -0.0407772 0.0447275 -0.0349598 0.0296302 0.0024613 0.9989464
1305031106.643207 0.0018812 -0.0577831 -0.0253014 -0.0282306 0.0142582 -0.0060744 0.9994813
1305031106.811289 -0.0092827 -0.0636594 -0.1301143 -0.0245483 -0.0091942 -0.0090898 0.9996150
1305031106.975547 -0.0047210 -0.0887038 -0.2478212 -0.0107355 -0.0131309 -0.0260005 0.9995180
